490004
18133
294272
43804
452000
617773
13637
573917
330115
87496
9405
34544
3989
489245
378
11044
285720
650073
333118
558341
250556
440767
247553
142087
706614
25240
516752
438468
267788
426432
430124
485410
30077
251934
469696
706061
724507
635802
685242
662174
566838
53458
21385
53474
62405
696806
161077
357244
527924
619862
207703
668
347629
99770
403
11404
384021
202968
581420
3132
12233
1901
434596
12079
637157
346651
19458
24959
19962
521931
296834
632323
2436
9461
36016
9593
454283
15379
10117
320288
254578
443319
675
342878
268169
138011
426227
12230
578707
216180
238615
480001
315007
222299
64708
691200
13942
44239
236314
6026
38365
109418
32080
187565
425972
14047
311324
64682
515248
168530
10585
6877
677228
46021
438431
256731
428493
513083
9701
210577
38700
20352
93456
23169
235
692250
556695
388569
329243
1368
369972
458737
410554
10204
15503
20334
39233
136797
9529
79548
333339
724287
134710
464554
676356
43468
491833
671540
709377
39271
465914
14034
10660
22434
471604
106830
247614
574636
456086
11574
56555
18287
505837
727271
82696
6964
470044
40247
150117
253
8337
25218
470114
395992
49530
429200
122906
36819
376880
169006
61698
64720
426272
270007
12763
49092
9430
539651
520765
50546
8965
16690
47971
10093
218043
44338
663346
67154
391626
555845
721467
614780
4538
56831
285460
165747
1250
8879
624
523366
344791
520633
639539
639530
27996
21006
56706
51268
2320
43336
134458
29142
49529
458156
22971
324552
2428
31579
47553
355730
31323
556585
79120
8491
172631
333344
225565
567608
11451
146837
15205
215449
228194
372981
61647
387592
20674
84884
7547
10473
435557
52405
11026
570131
427
5544
586940
433043
547588
701575
4966
146239
25723
201426
204584
343724
10317
30246
78314
53906
43155
64870
61129
525584
6623
625518
339027
696890
643640
622801
5065
5066
19252
26327
580819
8860
1716
158091
2546
57876
522320
123945
25977
384737
460992
726295
632607
60181
4397
21542
120653
718867
5559
347201
4248
5048
597594
565599
230719
24128
686786
18875
568908
653522
179053
447387
489926
482174
101708
50901
352484
157005
43651
417984
189802
11187
11186
423949
26182
42305
661336
8859
13931
310133
15462
714320
7484
83
2055
151368
324320
384733
705185
190855
548875
525919
673773
599523
9346
239573
13911
10551
208550
310942
374031
572545
49320
75839
128203
469105
26224
276807
704771
675150
566454
18588
54873
2179
12577
723895
14729
362538
161905
711114
481699
727344
22972
4954
437463
11336
523561
391
938
445605
716255
461766
9285
417870
9557
13493
42455
524414
475210
557635
440249
109520
62156
161908
639514
562289
583083
120
587496
122917
44040
350
412202
11157
50497
29760
23924
42401
504631
37094
19058
671583
13159
97406
130858
150202
625450
515916
653601
274685
61708
51634
107814
346364
474350
270303
449563
505707
42314
752
20343
10358
14871
212769
684139
296096
6023
209244
1493
500852
653567
376290
8382
180345
290015
103938
21991
19955
54469
90928
9801
64693
140456
426306
568987
482460
18803
11804
32593
12153
57585
11415
9600
9297
59961
13401
24137
212719
686142
11679
102640
33792
486820
48875
367536
53423
685051
22649
108245
550
653727
345922
440777
192145
386623
40928
35219
121677
691145
690566
318121
11077
28597
432517
14848
316023
340197
71859
391826
466081
17436
26558
19184
50524
83288
186579
127451
154452
580698
242606
26198
432883
15144
4441
19265
144442
232377
451088
661137
97051
454294
983
72116
4771
54022
96826
599724
80758
526120
550115
26360
626299
526973
51828
219618
676350
68238
419644
302818
58877
50641
372474
76028
81220
187864
116587
3525
580917
339403
805
9768
95610
520720
20771
51786
223944
8413
626751
9281
103370
356332
48787
313369
2142
8342
52015
353081
954
177677
955
510355
103747
601516
486011
118343
23202
49524
49110
49207
101299
461957
355655
339161
7090
40810
400326
9494
9356
11982
62425
109099
42602
780
32692
9715
32054
24148
337092
526323
499383
13461
19898
348668
458723
474569
9080
590575
80035
77016
406994
70214
183319
356977
601920
137113
714
664297
565391
38357
801
116475
174341
2075
140222
10761
11978
162303
235022
119608
84588
9487
450477
289708
360653
643200
299878
526050
331482
9982
10137
102184
152647
129684
89318
395834
80384
770
541560
1637
720748
7459
299687
619263
317114
19618
40471
598797
294518
574107
4105
380
11258
872
32657
33459
22317
4984
673978
29625
411786
273752
703978
227250
206199
439029
571388
24073
687801
30110
576722
1691
240
131631
71670
87502
82657
527642
11866
581859
591
57918
318917
188927
14510
11429
401478
29324
61221
80595
30179
228796
707886
663459
470333
414919
716419
9902
10155
125509
71672
586862
163417
587882
696201
10172
33370
89428
527454
612706
9573
10169
14577
567609
65946
20697
12598
52043
604130
59902
270771
333106
254259
576564
348631
115917
556600
161983
27135
128216
417384
627070
9489
13166
174751
14114
84601
153502
285783
187596
69
8358
11259
11619
178
480394
220443
250396
480751
47706
445408
450622
672035
15037
375867
11206
12185
22897
374606
481850
202136
333295
55240
43799
273914
517015
277353
14557
3152
514593
152603
470006
21515
16053
138122
10385
11020
43008
35161
86404
38729
2085
8393
11648
45658
2005
503616
75674
30963
257354
113440
292065
614329
449176
200727
50646
8051
395990
440597
13664
14373
353326
574
127373
9414
371638
74643
581001
17258
292019
44404
41384
34453
515132
515249
447028
175079
21661
491418
2758
481084
112205
370178
77953
647920
305019
110148
252252
712110
522938
549053
308504
225886
13523
1412
4564
4638
268920
10074
9595
410207
610731
589079
507647
